0000000000000000000000000000000000000000000000000000000000000000000000000000000000000000000000000000000000000000000000000000000000000000000000000000000000000000000000000000000000000000000000000000000000000000000000000000000000000000000000000000000000
0000000000000000000000000000000000000000000000000000000000000000000000000000000000000000000000000000000000000000000000000000000000000000000000000000000000000000000000000000000000000000000000000000000000000000000000000000000000000000000000000000000000
0000000000000000000000000000000000000000000000000000000000000000000000000000000000000000000000000000000000000000000000000000000000000000000000000000000000000000000000000000000000000000000000000000000000000000000000000000000000000000000000000000000000
0000000000000000000000000000000000000000000000000000000000000000000000000000000000000000000000000000000000000000000000000000000000000000000000000000000000000000000000000000000000000000000000000000000000000000000000000000000000000000000000000000000000
0000000000000000000000000000000000000000000000000000000000000000000000000000000000000000000000000000000000000000000000000000000000000000000000000000000000000000000000000000000000000000000000000000000000000000000000000000000000000000000000000000000000
0000000000000000000000000000000000000000000000000000000000000000000000000000000000000000000000000000000000000000000000000000000000000000000000000000000000000000000000000000000000000000000000000000000000000000000000000000000000000000000000000000000000
0000000000000000000000000000000000000000000000000000000000000000000000000000000000000000000000000000000000000000000000000000000000000000000000000000000000000000000000000000000000000000000000000000000000000000000000000000000000000000000000000000000000
0000000000000000000000000000000000000000000000000000000000000000000000000000000000000000000000000000000000000000000000000000000000000000000000000000000000000000000000000000000000000000000000000000000000000000000000000000000000000000000000000000000000
0000000000000000000000000000000000000000000000000000000000000000000000000000000000000000000000000000000000000000000000000000000000000000000000000000000000000000000000000000000000000000000000000000000000000000000000000000000000000000000000000000000000
0000000000000000000000000000000000000000000000000000000000000000000000000000000000000000000000000000000000000000000000000000000000000000000000000000000000000000000000000000000000000000000000000000000000000000000000000000000000000000000000000000000000
0000000000000000000000000000000000000000000000000000000000000000000000000000000000000000000000000000000000000000000000000000000000000000000000000000000000000000000000000000000000000000000000000000000000000000000000000000000000000000000000000000000000
0000000000000000000000000000000000000000000000000000000000000000000000000000000000000000000000000000000000000000000000000000000000000000000000000000000000000000000000000000000000000000000000000000000000000000000000000000000000000000000000000000000000
0000000000000000000000000000000000000000000000000000000000000000000000000000000000000000000000000000000000000000000000000000000000000000000000000000000000000000000000000000000000000000000000000000000000000000000000000000000000000000000000000000000000
0000000000000000000000000000000000000000000000000000000000000000000000000000000000000000000000000000000000000000000000000000000000000000000000000000000000000000000000000000000000000000000000000000000000000000000000000000000000000000000000000000000000
0000000000000000000000000000000000000000000000000000000000000000000000000000000000000000000000000000000000000000000000000000000000000000000000000000000000000000000000000000000000000000000000000000000000000000000000000000000000000000000000000000000000
0000000000000000000000000000000000000000000000000000000000000000000000000000000000000000000000000000000000000000000000000000000000000000000000000000000000000000000000000000000000000000000000000000000000000000000000000000000000000000000000000000000000
0000000000000000000000000000000000000000000000000000000000000000000000000000000000000000000000000000000000000000000000000000000000000000000000000000000000000000000000000000000000000000000000000000000000000000000000000000000000000000000000000000000000
0000000000000000000000000000000000000000000000000000000000000000000000000000000000000000000000000000000000000000000000000000000000000000000000000000000000000000000000000000000000000000000000000000000000000000000000000000000000000000000000000000000000
0000000000000000000000000000000000000000000000000000000000000000000000000000000000000000000000000000000000000000000000000000000000000000000000000000000000000000000000000000000000000000000000000000000000000000000000000000000000000000000000000000000000
0000000000000000000000000000000000000000000000000000000000000000000000000000000000000000000000000000000000000000000000000000000000000000000000000000000000000000000000000000000000000000000000000000000000000000000000000000000000000000000000000000000000
0000000000000000000000000000000000000000000000000000000000000000000000000000000000000000000000000000000000000000000000000000000000000000000000000000000000000000000000000000000000000000000000000000000000000000000000000000000000000000000000000000000000
0000000000000000000000000000000000000000000000000000000000000000000000000000000000000000000000000000000000000000000000000000000000000000000000000000000000000000000000000000000000000000000000000000000000000000000000000000000000000000000000000000000000
0000000000000000000000000000000000000000000000000000000000000000000000000000000000000000000000000000000000000000000000000000000000000000000000000000000000000000000000000000000000000000000000000000000000000000000000000000000000000000000000000000000000
0000000000000000000000000000000000000000000000000000000000000000000000000000000000000000000000000000000000000000000000000000000000000000000000000000000000000000000000000000000000000000000000000000000000000000000000000000000000000000000000000000000000
0000000000000000000000000000000000000000000000000000000000000000000000000000000000000000000000000000000000000000000000000000000000000000000000000000000000000000000000000000000000000000000000000000000000000000000000000000000000000000000000000000000000
0000000000000000000000000000000000000000000000000000000000000000000000000000000000000000000000000000000000000000000000000000000000000000000000000000000000000000000000000000000000000000000000000000000000000000000000000000000000000000000000000000000000
0000000000000000000000000000000000000000000000000000000000000000000000000000000000000000000000000000000000000000000000000000000000000000000000000000000000000000000000000000000000000000000000000000000000000000000000000000000000000000000000000000000000
0000000000000000000000000000000000000000333333333333333333333333333333333333333333333300000000000000000000000000000000000000000000000000000000000000000000000000000000000000000000000000000000000000000000000000000000000000000000000000000000000000000000
0000000000000000000000000000000000000000311111111111111111111111111111111111111111111300000000000000000000000000000000000000000000000000000000000000000000000000000000000000000000000000000000000000000000000000000000000000000000000000000000000000000000
0000000000000000000000000000000000000000311111111111111111111111111111111111111111111300000000000000000000000000000000000000000000000000000000000000000000000000000000000000000000000000000000000000000000000000000000000000000000000000000000000000000000
0000000000000000000000000000000000000000311111111111111111111111111111111111111111111300000000000000000000000000000000000000000000000000000000000000000000000000000000000000000000000000000000000000000000000000000000000000000000000000000000000000000000
0000000000000000000000000000000000000000311111111111111111111111111111111111111111111300000000000000000000000000000000000000000000000000000000000000000000000000000000000000000000000000000000000000000000000000000000000000000000000000000000000000000000
0000000000000000000000000000000000000000311111111111111111111111111111111111111111111300000000000000000000000000000000000000000000000000000000000000000000000000000000000000000000000000000000000000000000000000000000000000000000000000000000000000000000
0000000000000000000000000000000000000000311111111111111111111111111111111111111111111300000000000000000000000000000000000000000000000000000000000000000000000000000000000000000000000000000000000000000000000000000000000000000000000000000000000000000000
0000000000000000000000000000000000000000311111111111111111111111111111111111111111111300000000000000000000000000000000000000000000000000000000000000000000000000000000000000000000000000000000000000000000000000000000000000000000000000000000000000000000
0000000000000000000000000000000000000000311111111111111111111111111111111111111111111300000000000000000000000000000000000000000000000000000000000000000000000000000000000000000000000000000000000000000000000000000000000000000000000000000000000000000000
0000000000000000000000000000000000000000311111111111111111111111111111111111111111111300000000000000000000000000000000000000000000000000000000000000000000000000000000000000000000000000000000000000000000000000000000000000000000000000000000000000000000
0000000000000000000000000000000000000000311111111111111111111111111111111111111111111300000000000000000000000000000000000000000000000000000000000000000000000000000000000000000000000000000000000000000000000000000000000000000000000000000000000000000000
0000000000000000000000000000000000000000311111111111111111111111111111111111111111111300000000000000000000000000000000000000000000000000000000000000000000000000000000000000000000000000000000000000000000000000000000000000000000000000000000000000000000
0000000000000000000000000000000000000000311111111111111111111111111111111111111111111300000000000000000000000000000000000000000000000000000000000000000000000000000000000000000000000000000000000000000000000000000000000000000000000000000000000000000000
0000000000000000000000000000000000000000311111111111111111111111111111111111111111111300000000000000000000000000000000000000000000000000000000000000000000000000000000000000000000000000000000000000000000000000000000000000000000000000000000000000000000
0000000000000000000000000000000000000000311111111111111111111111111111111111111111111300000000000000000000000000000000000000000000000000000000000000000000000000000000000000000000000000000000000000000000000000000000000000000000000000000000000000000000
0000000000000000000000000000000000000000311111111111111111111111111111111111111111111300000000000000000000000000000000000000000000000000000000000000000000000000000000000000000000000000000000000000000000000000000000000000000000000000000000000000000000
0000000000000000000000000000000000000000311111111111111111111111111111111111111111111300000000000000000000000000000000000000000000000000000000000000000000000000000000000000000000000000000000000000000000000000000000000000000000000000000000000000000000
0000000000000000000000000000000000000000311111111111111111111111111111111111111111111300000000000000000000000000000000000000000000000000000000000000000000000000000000000000000000000000000000000000000000000000000000000000000000000000000000000000000000
0000000000000333333333333333333300000000311111111111111111111111111111111111111111111300000000000000000000000000000000000000000000000000000000000000000000000000000000000000000000000000000000000000000000000000000000000000000000000000000000000000000000
0000000000000311111111111111111300000000311111111111111111111111111111111111111111111300000000000000000000000000000000000000000000000000000000000000000000000000000000000000000000000000000000000000000000000000000000000000000000000000000000000000000000
0000000000000311111111111111111300000000311111111111111111111111111111111111111111111300000000000000000000000000000000000000000000000000000000000000000000000000000000000000000000000000000000000000000000000000000000000000000000000000000000000000000000
0000000000000311111111111111111300000000311111111111111111111111111111111111111111111300000000000000000000000000000000000000000000000000000000000000000000000000000000000000000000000000000000000000000000000000000000000000000000000000000000000000000000
0000000000000311111111111111111300000000311111111111111111111111111111111111111111111300000000000000000000000000000000000000000000000000000000000000000000000000000000000000000000000000000000000000000000000000000000000000000000000000000000000000000000
0000000000000311111111111111111333333333311111111111111111111111111111111111111111111300000000000000000000000000000000000000000000000000000000000000000000000000000000000000000000000000000000000000000000000000000000000000000000000000000000000000000000
0000000000000311111111111111111111111111111111111111111111111111111111111111111111111300000000000000000000000000000000000000000000000000000000000000000000000000000000000000000000000000000000000000000000000000000000000000000000000000000000000000000000
0000000000000311111111111111111111111111111111111111111111111111111111111111111111111300000000000000000000000000000000000000000000000000000000000000000000000000000000000000000000000000000000000000000000000000000000000000000000000000000000000000000000
0000000000000311111111111111111111111111111111111111111111111111111111111111111111111300000000000000000000000000000000000000000000000000000000000000000000000000000000000000000000000000000000000000000000000000000000000000000000000000000000000000000000
0000000000000311111111111111111111111111111111111111111111111111111111111111111111111300000000000000000000000000000000000000000000000000000000000000000000000000000000000000000000000000000000000000000000000000000000000000000000000000000000000000000000
0000000000000311111111111111111111111111111111111111111111111111111111111111111111111300000000000000000000000000000000000000000000000000000000000000000000000000000000000000000000000000000000000000000000000000000000000000000000000000000000000000000000
0000000000000311111111111111111333333333311111111111111111111111111111111111111111111300000000000000000000000000000000000000000000000000000000000000000000000000000000000000000000000000000000000000000000000000000000000000000000000000000000000000000000
0000000000000311111111111111111300000000311111111111111111111111111111111111111111111300000000000000000000000000000000000000000000000000000000000000000000000000000000000000000000000000000000000000000000000000000000000000000000000000000000000000000000
0000000000000311111111111111111300000000311111111111111111111111111111111111111111111300000000000000000000000000000000000000000000000000000000000000000000000000000000000000000000000000000000000000000000000000000000000000000000000000000000000000000000
0000000000000311111111111111111300000000311111111111111111111111111111111111111111111300000000000000000000000000000000000000000000000000000000000000000000000000000000000000000000000000000000000000000000000000000000000000000000000000000000000000000000
0000000000000311111111111111111300000000311111111111111111111111111111111111111111111300000000000000000000000000000000000000000000000000000000000000000000000000000000000000000000000000000000000000000000000000000000000000000000000000000000000000000000
0000000000000311111111111111111300000000311111111111111111111111111111111111111111111300000000000000000000000000000000000000000000000000000000000000000000000000000000000000000000000000000000000000000000000000000000000000000000000000000000000000000000
0000000000000333333333333333333300000000311111111111111111111111111111111111111111111300000000000000000000000000000000000000000000000000000000000000000000000000000000000000000000000000000000000000000000000000000000000000000000000000000000000000000000
0000000000000000000000000000000000000000311111111111111111111111111111111111111111111300000000000000000000000000000000000000000000000000000000000000000000000000000000000000000000000000000000000000000000000000000000000000000000000000000000000000000000
0000000000000000000000000000000000000000311111111111111111111111111111111111111111111300000000000000000000000000000000000000000000000000000000000000000000000000000000000000000000000000000000000000000000000000000000000000000000000000000000000000000000
0000000000000000000000000000000000000000311111111111111111111111111111111111111111111300000000000000000000000000000000000000000000000000000000000000000000000000000000000000000000000000000000000000000000000000000000000000000000000000000000000000000000
0000000000000000000000000000000000000000311111111111111111111111111111111111111111111300000000000000000000000000000000000000000000000000000000000000000000000000000000000000000000000000000000000000000000000000000000000000000000000000000000000000000000
0000000000000000000000000000000000000000311111111111111111111111111111111111111111111300000000000000000000000000000000000000000000000000000000000000000000000000000000000000000000000000000000000000000000000000000000000000000000000000000000000000000000
0000000000000000000000000000000000000000311111111111111111111111111111111111111111111300000000000000000000000000000000000000000000000000000000000000000000000000000000000000000000000000000000000000000000000000000000000000000000000000000000000000000000
0000000000000000000000000000000000000000311111111111111111111111111111111111111111111300000000000000000000000000000000000000000000000000000000000000000000000000000000000000000000000000000000000000000000000000000000000000000000000000000000000000000000
0000000000000000000000000000000000000000311111111111111111111111111111111111111111111300000000000000000000000000000000000000000000000000000000000000000000000000000000000000000000000000000000000000000000000000000000000000000000000000000000000000000000
0000000000000000000000000000000000000000333333333333333333333333333333333331111133333300000000000000000000000000000000000000000000000000000000000000000000000000000000000000000000000000000000000000000000000000000000000000000000000000000000000000000000
0000000000000000000000000000000000000000000000000000000000000000000000000031111130000000000000000000000000000000000000000000000000000000000000000000000000000000000000000000000000000000000000000000000000000000000000000000000000000000000000000000000000
0000000000000000000000000000000000000000000000000000000000000000000000000031111130000000000000000000000000000000000000000000000000000000000000000000000000000000000000000000000000000000000000000000000000000000000000000000000000000000000000000000000000
0000000000000000000000000000000000000000000000000000000000000000000000000031111130000000000000000000000000000000000000000000000000000000000000000000000000000000000000000000000000000000000000000000000000000000000000000000000000000000000000000000000000
0000000000000000000000000000000000000000000000000000000000000000000000000031111130000000000000000000000000000000000000000000000000000000000000000000000000000000000000000000000000000000000000000000000000000000000000000000000000000000000000000000000000
0000000000000000000000000000000000000000000000000000000000000000000000000031111130000000000000000000000000000000000000000000000000000000000000000000000000000000000000000000000000000000000000000000000000000000000000000000000000000000000000000000000000
0000000000000000000000000000000000000000000000000000000000000000000000000031111130000000000000000000000000000000000000000000000000000000000000000000000000000000000000000000000000000000000000000000000000000000000000000000000000000000000000000000000000
0000000000000000000000000000000000000000000000000000000000000000000000000031111130000000000000000000000000000000000000000000000000000000000000000000000000000000000000000000000000000000000000000000000000000000000000000000000000000000000000000000000000
0000000000000000000000000000000000000000000000000000000000000000000000000031111130000000000000000000000000000000000000000000000000000000000000000000000000000000000000000000000000000000000000000000000000000000000000000000000000000000000000000000000000
0000000000000000000000000000000000000000000000000000000000000000000000000031111130000000000000000000000000000000000000000000000000000000000000000000000000000000000000000000000000000000000000000000000000000000000000000000000000000000000000000000000000
0000000000000000000000000000000000000000000000000000000000000000000000000031111130000000000000000000000000000000000000000000000000000000000000000000000000000000000000000000000000000000000000000000000000000000000000000000000000000000000000000000000000
0000000000000000000000000000000000000000000000000000000000000000000000000031111130000000000000000000000000000000000000000000000000000000000000000000000000000000000000000000000000000000000000000000000000000000000000000000000000000000000000000000000000
0000000000000000000000000000000000000000000000000000000000000000000000000031111130000000000000000000000000000000000000000000000000000000000000000000000000000000000000000000000000000000000000000000000000000000000000000000000000000000000000000000000000
0000000000000000000000000000000000000000000000000000000000000000000000000031111130000000000000000000000000000000000000000000000000000000000000000000000000000000000000000000000000000000000000000000000000000000000000000000000000000000000000000000000000
0000000000000000000000000000000000000000000000000000000000000000000000000331111133333333333333333333333333333300000000000000000000000000000000000000000000000000000000000000000000000000000000000000000000000000000000000000000000000000000000000000000000
0000000000000000000000000000000000000000000000000000000000000000000000000311111111111111111111111111111111111300000000000000000000000000000000000000000000000000000000000000000000000000000000000000000000000000000000000000000000000000000000000000000000
0000000000000000000000000000000000000000000000000000000000000000000000000311111111111111111111111111111111111300000000000000000000000000000000000000000000000000000000000000000000000000000000000000000000000000000000000000000000000000000000000000000000
0000000000000000000000000000000000000000000000000000000000000000000000000311111111111111111111111111111111111300000000000000000000000000000000000000000000000000000000000000000000000000000000000000000000000000000000000000000000000000000000000000000000
0000000000000000000000000000000000000000000000000000000000000000000000000311111111111111111111111111111111111300000000000000000000000000000000000000000000000000000000000000000000000000000000000000000000000000000000000000000000000000000000000000000000
0000000000000000000000000000000000000000000000000000000000000000000000000311111111111111111111111111111111111300000000000000000000000000000000000000000000000000000000000000000000000000000000000000000000000000000000000000000000000000000000000000000000
0000000000000000000000000000000000000000000000000000000000000000000000000311111111111111111111111111111111111300000000000000000000000000000000000000000000000000000000000000000000000000000000000000000000000000000000000000000000000000000000000000000000
0000000000000000000000000000000000000000000000000000000000000000000000000311111111111111111111111111111111111300000000000000000000000000000000000000000000000000000000000000000000000000000000000000000000000000000000000000000000000000000000000000000000
0000000000000000000000000000000000003333333333333333333333333330000000000311111111111111111111111111111111111300000000000000000000000000000000000000000000000000000000000000000000000000000000000000000000000000000000000000000000000000000000000000000000
0000000000000000000000000000000000003111111111111111111111111133333333333311111111111111111111111111111111111300000000000000000000000000000000000000000000000000000000000000000000000000000000333333333333333333333333333333333333300000000000000000000000
0000000000000000000000000000000000003111111111111111111111111111111111111111111111111111111111111111111111111300000000000000000000000000000000000000000000000000000000000000000000000000000000311111111111111111111111111111111111300000000000000000000000
0000000000000000000000000000000000003111111111111111111111111111111111111111111111111111111111111111111111111300000000000000000000000000000000000000000000000000000000000000000000000000000000311111111111111111111111111111111111300000000000000000000000
0000000000000000000000000000000000003111111111111111111111111111111111111111111111111111111111111111111111111300000000000000000000000000000000000000000000000000000000000000000000000000000333311111111111111111111111111111111111333300000000000000000000
0000000000000000000000000000000000003111111111111111111111111111111111111111111111111111111111111111111111111300000000000000000000000000000000000000000000000000000000000000000000000000000311111111111111111111111111111111111111111300000000000000000000
0000000000000000000000000000000000003111111111111111111111111111111111111111111111111111111111111111111111111300000000000000000000000000000000000000000000000000000000000000000000000000000311111111111111111111111111111111111111111300000000000000000000
0000000000000000000000000000000000003111111111111111111111111133333333333311111111111111111111111111111111111300000000000000000000000000000000000000000000000000000000000000000000000000000311111111111111111111111111111111111111111300000000000000000000
0000000000000000000000000000000000003111111111111111111111111130000000000311111111111111111111111111111111111300000000000000000000000000000000000000000000000000000000000000000000000000000311111111111111111111111111111111111111111300000000000000000000
0000000000000000000000000000000000003111111111111111111111111130000000000311111111111111111111111111111111111300000000000000000000000000000000000000000000000000000000000000000000000000000311111111111111111111111111111111111111111300000000000000000000
0000000000000000000000000000000000003111111111111111111111111130000000000311111111111111111111111111111111111300000000000033333333333333333333333333333333333333333333333333330000000000000311111111111111111111111111111111111111111300000000000000000000
0000000000000000000000000000000000003111111111111111111111111130000000000311111111111111111111111111111111111300000000000031111111111111111111111111111111111111111111111111130000000000000311111111111111111111111111111111111111111300000000000000000000
0000000000000000000000000000000000003111111111111111111111111130000000000311111111111111111111111111111111111333333333333331111111111111111111111111111111111111111111111111130000000000000311111111111111111111111111111111111111111300000000000000000000
0000000000000000000000000000000000003111111111111111111111111130000000000311111111111111111111111111111111111111111111111111111111111111111111111111111111111111111111111111130000000000000311111111111111111111111111111111111111111300000000000000000000
0000000000000000000000000000000000003111111111111111111111111130000000000311111111111111111111111111111111111111111111111111111111111111111111111111111111111111111111111111130000000000000311111111111111111111111111111111111111111300000000000000000000
0000000000000000000000000000000000003111111111111111111111111130000000000311111111111111111111111111111111111111111111111111111111111111111111111111111111111111111111111111130000000000000311111111111111111111111111111111111111111300000000000000000000
0000000000000000000000000000000000003111111111111111111111111130000000000311111111111111111111111111111111111111111111111111111111111111111111111111111111111111111111111111130000000000000311111111111111111111111111111111111111111300000000000000000000
0000000000000000000000000000000000003111111111111111111111111130000000000311111111111111111111111111111111111111111111111111111111111111111111111111111111111111111111111111130000000000000311111111111111111111111111111111111111111300000000000000000000
0000000000000000000000000000000000003111111111111111111111111130000000000311111111111111111111111111111111111333333333333331111111111111111111111111111111111111111111111111133333333333333311111111111111111111111111111111111111111300000000000000000000
0000000000000000000000000000000000003111111111111111111111111130000000000311111111111111111111111111111111111300000000000031111111111111111111111111111111111111111111111111111111111111111111111111111111111111111111111111111111111300000000000000000000
0000000000000000000000000000000000003111111111111111111111111130000000000311111111111111111111111111111111111300000000000031111111111111111111111111111111111111111111111111111111111111111111111111111111111111111111111111111111111300000000000000000000
0000000000000000000000000000000000003111111111111111111111111130000000000333333333311111333333333333333333333300000000000031111111111111111111111111111111111111111111111111111111111111111111111111111111111111111111111111111111111300000000000000000000
0000000000000000000000000000000000003111111111111111111111111130000000000000000000311111300000000000000000000000000000000031111111111111111111111111111111111111111111111111111111111111111111111111111111111111111111111111111111111300000000000000000000
0000000000000000000000000000000000003111111111111111111111111130000000000000000000311111300000000000000000000000000000000031111111111111111111111111111111111111111111111111111111111111111111111111111111111111111111111111111111111300000000000000000000
0000000000000000000000000000000000003111111111111111111111111130000000000000000000311111300000000000000000000000000000000031111111111111111111111111111111111111111111111111133333333333333311111111111111111111111111111111111111111300000000000000000000
0000000000000000000000000000000000003111111111111111111111111130000000000000000000311111300000000000000000000000000000000031111111111111111111111111111111111111111111111111130000000000000311111111111111111111111111111111111111111300000000000000000000
0000000000000000000000000000000000003111111111111111111111111130000000000000000000311111300000000000000000000000000000000031111111111111111111111111111111111111111111111111130000000000000311111111111111111111111111111111111111111300000000000000000000
0000000000000000000000000000000000003111111111111111111111111130000000000000000000311111300000000000000000000000000000000033333333333333333333333333333333333333333333333333330000000000000311111111111111111111111111111111111111111300000000000000000000
0000000000000000000000000000000000003111111111111111111111111130000000000000000000311111300000000000000000000000000000000000000000000000000000000000000000000000000000000000000000000000000311111111111111111111111111111111111111111300000000000000000000
0000000000000000000000000000000000003111111111111111111111111130000000000000000000311111300000000000000000000000000000000000000000000000000000000000000000000000000000000000000000000000000311111111111111111111111111111111111111111300000000000000000000
0000000000000000000000000000000000003111111111111111111111111130000000000000000000311111300000000000000000000000000000000000000000000000000000000000000000000000000000000000000000000000000311111111111111111111111111111111111111111300000000000000000000
0000000000000000000000000000000000003111111111111111111111111130000000000000000000311111300000000000000000000000000000000000000000000000000000000000000000000000000000000000000000000000000311111111111111111111111111111111111111111300000000000000000000
0000000000000000000000000000000000003111111111111111111111111130000000000000000000311111300000000000000000000000000000000000000000000000000000000000000000000000000000000000000000000000000311111111111111111111111111111111111111111300000000000000000000
0000000000000000000000000000000000003111111111111111111111111130000000000000000003311111333333333333333333333333333000000000000000000000000000000000000000000000000000000000000000000000000311111111111111111111111111111111111111111300000000000000000000
0000000000000000000000000000000000003111111111111111111111111130000000000000000003111111111111111111111111111111113000000000000000000000000000000000000000000000000000000000000000000000000311111111111111111111111111111111111111111300000000000000000000
0000000000000000000000000000000000003111111111111111111111111130000000000000000333111111111111111111111111111111113330000000000000000000000000000000000000000000000000000000000000000000000311111111111111111111111111111111111111111300000000000000000000
0000000000000000000000000000000000003111111111111111111111111130000000000000000311111111111111111111111111111111111130000000000000000000000000000000000000000000000000000000000000000000000333311111111111111111111111111111111111333300000000000000000000
0000000000000000000000000000000000003111111111111111111111111130000000000000000311111111111111111111111111111111111130000000000000000000000000000000000000000000000000000000000000000000000000311111111111111111111111111111111111300000000000000000000000
0000000000000000000000000000000000003111111111111111111111111130000000000000000311111111111111111111111111111111111130000000000000000000000000000000000000000000000000000000000000000000000000311111111111111111111111111111111111300000000000000000000000
0000000000000000000000000000000000003111111111111111111111111130000000000000000311111111111111111111111111111111111130000000000000000000000000000000000000000000000000000000000000000000000000333333331111133333333333333333333333300000000000000000000000
0000000000000000000000000000000000003111111111111111111111111130000000000000000311111111111111111111111111111111111130000000000000000000000000000000000000000000000000000000000000000000000000000000031111130000000000000000000000000000000000000000000000
0000000000000000000000000000000000003111111111111111111111111130000000000000000311111111111111111111111111111111111130000000000000000000000000000000000000000000000000000000000000000000000000000000031111130000000000000000000000000000000000000000000000
0000000000000000000000000000000000003111111111111111111111111130000000000000000311111111111111111111111111111111111130000000000000000000000000000000000000000000000000000000000000000000000000000000031111130000000000000000000000000000000000000000000000
0000000000000000000000000000000000003333333333333311111333333330000000000000000311111111111111111111111111111111111130000000000000000000000000000000000000000000000000000000000000000000000000000000031111130000000000000000000000000000000000000000000000
0000000000000000000000000000000000000000000000000311111300000000000000000000000311111111111111111111111111111111111130000000000000000000000000000000000000000000000000000000000000000000000000000000031111130000000000000000000000000000000000000000000000
0000000000000000000000000000000000000000000000000311111300000000000000000000000311111111111111111111111111111111111130000000000000000000000000000000000000000000000000000000000000000000000000000000031111130000000000000000000000000000000000000000000000
0000000000000000000000000000000000000000000000000311111300000000000000000000000311111111111111111111111111111111111130000000000000000000000000000000000000000000000000000000000000000000000000000000031111130000000000000000000000000000000000000000000000
0000000000000000000000000000000000000000000000000311111300000000000000000000000311111111111111111111111111111111111130000000000000000000000000000000000000000000000000000000000000000000000000000000031111130000000000000000000000000000000000000000000000
0000000000000000000000000000000000000000000000000311111300000000000000000000000311111111111111111111111111111111111130000000000000000000000000000000000000000000000000000000000000000000000000000000031111130000000000000000000000000000000000000000000000
0000000000000000000000000000000000000000000000000311111300000000000000000000000311111111111111111111111111111111111130000000000000000000000000000000000000000000000000000000000000000000000000000000031111130000000000000000000000000000000000000000000000
0000000000000000000000000000000000000000000000000311111300000000000000000000000311111111111111111111111111111111111130000000000000000000000000000000000000000000000000000000000000000000000000000000031111130000000000000000000000000000000000000000000000
0000000000000000000000000000000000000000000000000311111300000000000000000000000311111111111111111111111111111111111130000000000000000000000000000000000000000000000000000000000000000000000000000033331111133333333333300000000000000000000000000000000000
0000000000000000000000000000000000000000000000000311111300000000000000000000000311111111111111111111111111111111111130000000000000000000000000000000000000000000000000000000000000000000000000000031111111111111111111300000000000000000000000000000000000
0000000000000000000000000000000000000000000000000311111300000000000000000000000311111111111111111111111111111111111130000000000000000000000000000000000000000000000000000000000000000000000000003331111111111111111111333000000000000000000000000000000000
0000000000000000000000000000000000000000000000000311111300000000000000000000000333111111111111111111111111111111113330000000000000000000000000000000000000000000000000000000000000000000000000003111111111111111111111113000000000000000000000000000000000
0000000000000000000000000000000000000000000000000311111300000000000000000000000003111111111111111111111111111111113000000000000000000000000000000000000000000000000000000000000000000000000000003111111111111111111111113000000000000000000000000000000000
0000000000000000000000000000000000000000000000000311111300000000000000000000000003333333333333333333333333333333333000000000000000000000000000000000000000000000000000000000000000000000000000003111111111111111111111113000000000000000000000000000000000
0000000000000000000000003333333333333333333333333311111333330000000000000000000000000000000000000000000000000000000000000000000000000000000000000000000000000000000000000000000000000000000000003111111111111111111111113000000000000000000000000000000000
0000000000000000000000003111111111111111111111111111111111130000000000000000000000000000000000000000000000000000000000000000000000000000000000000000000000000000000000000000000000000000000000003111111111111111111111113000000000000000000000000000000000
0000000000000000000000003111111111111111111111111111111111130000000000000000000000000000000000000000000000000000000000000000000000000000000000000000000000000000000000000000000000000000000000003111111111111111111111113000000000000000000000000000000000
0000000000000000000000003111111111111111111111111111111111130000000000000000000000000000000000000000000000000000000000000000000000000000000000333333333333333333333333333333333333333000000000003111111111111111111111113000000000000000000000000000000000
0000000000000000000000003111111111111111111111111111111111130000000000000000000000000000000000000000000000000000000000000000000000000000000000311111111111111111111111111111111111113000000000003111111111111111111111113000000000000000000000000000000000
0000000000000000000000003111111111111111111111111111111111130000000000000000000000000000000000000000000000000000000000000000000000000000000000311111111111111111111111111111111111113000000000003111111111111111111111113000000000000000000000000000000000
0000000000000000000000003111111111111111111111111111111111130000000000000000000000000000000000000000000000000000000000000000000000000000000000311111111111111111111111111111111111113000000000003111111111111111111111113000000000000000000000000000000000
0000000000000000000000003111111111111111111111111111111111130000000000000000000000000000000000000000000000000000000000000000000000000000000000311111111111111111111111111111111111113000000000003111111111111111111111113000000000000000000000000000000000
0000000000000000000000003111111111111111111111111111111111130000000000000000000000000000000000000000000000000000000000000000000000000000000000311111111111111111111111111111111111113000000000003111111111111111111111113000000000000000000000000000000000
0000000000000000000000003111111111111111111111111111111111130000000000000000000000000000000000000000000000000000000000000000000000000000000000311111111111111111111111111111111111113000000000003111111111111111111111113000000000000000000000000000000000
0000000000000000000000003111111111111111111111111111111111130000000000000000000000000000000000000000000000000000000000000000000000000000000000311111111111111111111111111111111111113000000000003111111111111111111111113000000000000000000000000000000000
0000000000000000000000003111111111111111111111111111111111130000000000000000000000000000000000000000000000000000000000000000000000000000000000311111111111111111111111111111111111113000000000003111111111111111111111113000000000000000000000000000000000
0000000000000000000000003111111111111111111111111111111111130000000000000000000000000000000000000000000000000000000000000000000000000000000000311111111111111111111111111111111111113000000000003111111111111111111111113000000000000000000000000000000000
0000000000000000000000003111111111111111111111111111111111130000000000000000000000000000000000000000000000000000000000000000000000000000000000311111111111111111111111111111111111113333333333333111111111111111111111113000000000000000000000000000000000
0000000000000000000000003111111111111111111111111111111111130000000000000000000000000000000000000000000000000000000000000000000000000000000000311111111111111111111111111111111111111111111111111111111111111111111111113000000000000000000000000000000000
0000000000000000000000003111111111111111111111111111111111130000000000000000000000000000000000000000000000000000000000000000000000000000000000311111111111111111111111111111111111111111111111111111111111111111111111113000000000000000000000000000000000
0000000000000000000000003333333333333333333333333333111113330000000000000000000000000000000000000000000000000000000000000000000000000000000000311111111111111111111111111111111111111111111111111111111111111111111111113000000000000000000000000000000000
0000000000000000000000000000000000000000000000000003111113000000000000000000000000000000000000000000000000000000000000000000000000000000000000311111111111111111111111111111111111111111111111111111111111111111111111113000000000000000000000000000000000
0000000000000000000000000000000000000000000000000003111113000000000000000000000000000000000000000000000000000000000000000000000000000000000000311111111111111111111111111111111111111111111111111111111111111111111111113000000000000000000000000000000000
0000000000000000000000000000000000000000000000000003111113000000000000000000000000000000000000000000000000000000000000000000000000000000000000311111111111111111111111111111111111113333333333333111111111111111111111113000000000000000000000000000000000
0000000000000000000000000000000000000000000000000003111113000000000000000000000000000000000000000000000000000000000000000000000000000000000000311111111111111111111111111111111111113000000000003111111111111111111111113000000000000000000000000000000000
0000000000000000000000000000000000000000000000000003111113000000000000000000000000000000000000000033333333333333333333333333333333333300000000311111111111111111111111111111111111113000000000003111111111111111111111113000000000000000000000000000000000
0000000000000000000000000000000000000000000000000003111113000000000000000000000000000000000000000031111111111111111111111111111111111300000000311111111111111111111111111111111111113000000000003111111111111111111111113000000000000000000000000000000000
0000000000000000000000000000000000000000000000000003111113000000000000000000000000000000000000000031111111111111111111111111111111111300000000311111111111111111111111111111111111113000000000003111111111111111111111113000000000000000000000000000000000
0000000000000000000000000000000000000000000000000003111113000000000000000000000000000000000000000031111111111111111111111111111111111300000000311111111111111111111111111111111111113000000000003331111111111111111111333000000000000000000000000000000000
0000000000000000000000000000000000000000000000000003111113000000000000000000000000000000000000000031111111111111111111111111111111111300000000311111111111111111111111111111111111113000000000000031111111111111111111300000000000000000000000000000000000
0000000000000000000000000000000000000000000000000003111113000000000000000000000000000000000000000031111111111111111111111111111111111300000000311111111111111111111111111111111111113000000000000033333333333333333333300000000000000000000000000000000000
0000000000000000000000000000000000000000000000000003111113000000000000000000000000000000000000000031111111111111111111111111111111111300000000311111111111111111111111111111111111113000000000003333333333333333333333333000000000000000000000000000000000
0000000000000000000000000000000000000000000000000003111113000000000000000000000000000000000000000031111111111111111111111111111111111300000000311111111111111111111111111111111111113000000000003111111111111111111111113000000000000000000000000000000000
0000000000000000000000000000000000000000000000000003111113000000000000000000000000000000000000000031111111111111111111111111111111111300000000311111111111111111111111111111111111113000000000003111111111111111111111113000000000000000000000000000000000
0000000000000000000000000000000000000000000000000033111113333333333333333333333333333000000000000031111111111111111111111111111111111300000000311111111111111111111111111111111111113000000000003111111111111111111111113000000000000000000000000000000000
0000000000000000000000000000000000000000000000000031111111111111111111111111111111113000000000000031111111111111111111111111111111111300000000311111111111111111111111111111111111113000000000003111111111111111111111113000000000000000000000000000000000
0000000000000000000000000000000000000000000000003331111111111111111111111111111111113330000000000031111111111111111111111111111111111300000000311111111111111111111111111111111111113000000000003111111111111111111111113000000000000000000000000000000000
0000000000000000000000000000000000000000000000003111111111111111111111111111111111111130000000000031111111111111111111111111111111111333333333311111111111111111111111111111111111113000000000003111111111111111111111113000000000000000000000000000000000
0000000000000000000000000000000000000000000000003111111111111111111111111111111111111130000000000031111111111111111111111111111111111111111111111111111111111111111111111111111111113000000000003111111111111111111111113000000000000000000000000000000000
0000000000000000000000000000000000000000000000003111111111111111111111111111111111111130000000000031111111111111111111111111111111111111111111111111111111111111111111111111111111113000000000003111111111111111111111113000000000000000000000000000000000
0000000000000000000000000000000000000000000000003111111111111111111111111111111111111130000000000031111111111111111111111111111111111111111111111111111111111111111111111111111111113000000000003111111111111111111111113000000000000000000000000000000000
0000000000000000000000000000000000000000000000003111111111111111111111111111111111111130000000000031111111111111111111111111111111111111111111111111111111111111111111111111111111113000000000003111111111111111111111113000000000000000000000000000000000
0000000000000000000000000000000000000000000000003111111111111111111111111111111111111130000000000031111111111111111111111111111111111111111111111111111111111111111111111111111111113000000000003111111111111111111111113000000000000000000000000000000000
0000000000000000000000000000000000000000000000003111111111111111111111111111111111111130000000000031111111111111111111111111111111111333333333311111111111111111111111111111111111113000000000003111111111111111111111113000000000000000000000000000000000
0000000000000000000000000000000000000000000000003111111111111111111111111111111111111130000000000031111111111111111111111111111111111300000000311111111111111111111111111111111111113333333333333111111111111111111111113000000000000000000000000000000000
0000000000000000000000000000000000000000000000003111111111111111111111111111111111111130000000000031111111111111111111111111111111111300000000311111111111111111111111111111111111111111111111111111111111111111111111113000000000000000000000000000000000
0000000000000000000000000000000000000000000000003111111111111111111111111111111111111130000000000031111111111111111111111111111111111300000000311111111111111111111111111111111111111111111111111111111111111111111111113000000000000000000000000000000000
0000000000000000000000000000000000000000000000003111111111111111111111111111111111111130000000000031111111111111111111111111111111111300000000311111111111111111111111111111111111111111111111111111111111111111111111113000000000000000000000000000000000
0000000000000000000000000000000000000000000000003111111111111111111111111111111111111130000000000031111111111111111111111111111111111300000000311111111111111111111111111111111111111111111111111111111111111111111111113000000000000000000000000000000000
0000000000000000000000000000000000000000000000003111111111111111111111111111111111111130000000000031111111111111111111111111111111111300000000311111111111111111111111111111111111111111111111111111111111111111111111113000000000000000000000000000000000
0000000000000000000000000000000000000000000000003111111111111111111111111111111111111130000000000031111111111111111111111111111111111300000000311111111111111111111111111111111111113333333333333111111111111111111111113000000000000000000000000000000000
0000000000000000000000000000000000000000000000003111111111111111111111111111111111111130000000000031111111111111111111111111111111111300000000311111111111111111111111111111111111113000000000003111111111111111111111113000000000000000000000000000000000
0000000000000000000000000000000000000000000000003111111111111111111111111111111111111130000000000031111111111111111111111111111111111300000000311111111111111111111111111111111111113000000000003111111111111111111111113000000000000000000000000000000000
0000000000000000000000000000000000000000000000003111111111111111111111111111111111111130000000000031111111111111111111111111111111111300000000311111111111111111111111111111111111113000000000003111111111111111111111113000000000000000000000000000000000
0000000000000000000000000000000000000000000000003111111111111111111111111111111111111130000000000031111111111111111111111111111111111300000000311111111111111111111111111111111111113000000000003333333333333333333333333000000000000000000000000000000000
0000000000000000000000000000000000000000000000003111111111111111111111111111111111111130000000000031111111111111111111111111111111111300000000311111111111111111111111111111111111113000000000000000000000000000000000000000000000000000000000000000000000
0000000000000000000000000000000000000000000000003111111111111111111111111111111111111130000000000031111111111111111111111111111111111300000000311111111111111111111111111111111111113000000000000000000000000000000000000000000000000000000000000000000000
0000000000000000000000000000000000000000000000003111111111111111111111111111111111111130000000000031111111111111111111111111111111111300000000311111111111111111111111111111111111113000000000000000000000000000000000000000000000000000000000000000000000
0000000000000000000000000000000000000000000000003111111111111111111111111111111111111130000000000031111111111111111111111111111111111300000000333333333333333333333333333333333333333000000000000000000000000000000000000000000000000000000000000000000000
0000000000000000000000000000000000000000000000003111111111111111111111111111111111111130000000000033333333333333333333333333333333333300000000000000000000000000000000000000000000000000000000000000000000000000000000000000000000000000000000000000000000
0000000000000000000000000000000000000000000000003331111111111111111111111111111111113330000000000000000000000000000000000000000000000000000000000000000000000000000000000000000000000000000000000000000000000000000000000000000000000000000000000000000000
0000000000000000000000000000000000000000000000000031111111111111111111111111111111113000000000000000000000000000000000000000000000000000000000000000000000000000000000000000000000000000000000000000000000000000000000000000000000000000000000000000000000
0000000000000000000000000000000000000000000000000033333333333333333333333333333333333000000000000000000000000000000000000000000000000000000000000000000000000000000000000000000000000000000000000000000000000000000000000000000000000000000000000000000000
0000000000000000000000000000000000000000000000000000000000000000000000000000000000000000000000000000000000000000000000000000000000000000000000000000000000000000000000000000000000000000000000000000000000000000000000000000000000000000000000000000000000
0000000000000000000000000000000000000000000000000000000000000000000000000000000000000000000000000000000000000000000000000000000000000000000000000000000000000000000000000000000000000000000000000000000000000000000000000000000000000000000000000000000000
0000000000000000000000000000000000000000000000000000000000000000000000000000000000000000000000000000000000000000000000000000000000000000000000000000000000000000000000000000000000000000000000000000000000000000000000000000000000000000000000000000000000
0000000000000000000000000000000000000000000000000000000000000000000000000000000000000000000000000000000000000000000000000000000000000000000000000000000000000000000000000000000000000000000000000000000000000000000000000000000000000000000000000000000000
0000000000000000000000000000000000000000000000000000000000000000000000000000000000000000000000000000000000000000000000000000000000000000000000000000000000000000000000000000000000000000000000000000000000000000000000000000000000000000000000000000000000
0000000000000000000000000000000000000000000000000000000000000000000000000000000000000000000000000000000000000000000000000000000000000000000000000000000000000000000000000000000000000000000000000000000000000000000000000000000000000000000000000000000000
0000000000000000000000000000000000000000000000000000000000000000000000000000000000000000000000000000000000000000000000000000000000000000000000000000000000000000000000000000000000000000000000000000000000000000000000000000000000000000000000000000000000
0000000000000000000000000000000000000000000000000000000000000000000000000000000000000000000000000000000000000000000000000000000000000000000000000000000000000000000000000000000000000000000000000000000000000000000000000000000000000000000000000000000000
0000000000000000000000000000000000000000000000000000000000000000000000000000000000000000000000000000000000000000000000000000000000000000000000000000000000000000000000000000000000000000000000000000000000000000000000000000000000000000000000000000000000
0000000000000000000000000000000000000000000000000000000000000000000000000000000000000000000000000000000000000000000000000000000000000000000000000000000000000000000000000000000000000000000000000000000000000000000000000000000000000000000000000000000000
0000000000000000000000000000000000000000000000000000000000000000000000000000000000000000000000000000000000000000000000000000000000000000000000000000000000000000000000000000000000000000000000000000000000000000000000000000000000000000000000000000000000
0000000000000000000000000000000000000000000000000000000000000000000000000000000000000000000000000000000000000000000000000000000000000000000000000000000000000000000000000000000000000000000000000000000000000000000000000000000000000000000000000000000000
0000000000000000000000000000000000000000000000000000000000000000000000000000000000000000000000000000000000000000000000000000000000000000000000000000000000000000000000000000000000000000000000000000000000000000000000000000000000000000000000000000000000
0000000000000000000000000000000000000000000000000000000000000000000000000000000000000000000000000000000000000000000000000000000000000000000000000000000000000000000000000000000000000000000000000000000000000000000000000000000000000000000000000000000000
0000000000000000000000000000000000000000000000000000000000000000000000000000000000000000000000000000000000000000000000000000000000000000000000000000000000000000000000000000000000000000000000000000000000000000000000000000000000000000000000000000000000
0000000000000000000000000000000000000000000000000000000000000000000000000000000000000000000000000000000000000000000000000000000000000000000000000000000000000000000000000000000000000000000000000000000000000000000000000000000000000000000000000000000000
0000000000000000000000000000000000000000000000000000000000000000000000000000000000000000000000000000000000000000000000000000000000000000000000000000000000000000000000000000000000000000000000000000000000000000000000000000000000000000000000000000000000
0000000000000000000000000000000000000000000000000000000000000000000000000000000000000000000000000000000000000000000000000000000000000000000000000000000000000000000000000000000000000000000000000000000000000000000000000000000000000000000000000000000000
0000000000000000000000000000000000000000000000000000000000000000000000000000000000000000000000000000000000000000000000000000000000000000000000000000000000000000000000000000000000000000000000000000000000000000000000000000000000000000000000000000000000
0000000000000000000000000000000000000000000000000000000000000000000000000000000000000000000000000000000000000000000000000000000000000000000000000000000000000000000000000000000000000000000000000000000000000000000000000000000000000000000000000000000000
0000000000000000000000000000000000000000000000000000000000000000000000000000000000000000000000000000000000000000000000000000000000000000000000000000000000000000000000000000000000000000000000000000000000000000000000000000000000000000000000000000000000
0000000000000000000000000000000000000000000000000000000000000000000000000000000000000000000000000000000000000000000000000000000000000000000000000000000000000000000000000000000000000000000000000000000000000000000000000000000000000000000000000000000000
0000000000000000000000000000000000000000000000000000000000000000000000000000000000000000000000000000000000000000000000000000000000000000000000000000000000000000000000000000000000000000000000000000000000000000000000000000000000000000000000000000000000
0000000000000000000000000000000000000000000000000000000000000000000000000000000000000000000000000000000000000000000000000000000000000000000000000000000000000000000000000000000000000000000000000000000000000000000000000000000000000000000000000000000000
0000000000000000000000000000000000000000000000000000000000000000000000000000000000000000000000000000000000000000000000000000000000000000000000000000000000000000000000000000000000000000000000000000000000000000000000000000000000000000000000000000000000
0000000000000000000000000000000000000000000000000000000000000000000000000000000000000000000000000000000000000000000000000000000000000000000000000000000000000000000000000000000000000000000000000000000000000000000000000000000000000000000000000000000000
0000000000000000000000000000000000000000000000000000000000000000000000000000000000000000000000000000000000000000000000000000000000000000000000000000000000000000000000000000000000000000000000000000000000000000000000000000000000000000000000000000000000
0000000000000000000000000000000000000000000000000000000000000000000000000000000000000000000000000000000000000000000000000000000000000000000000000000000000000000000000000000000000000000000000000000000000000000000000000000000000000000000000000000000000
0000000000000000000000000000000000000000000000000000000000000000000000000000000000000000000000000000000000000000000000000000000000000000000000000000000000000000000000000000000000000000000000000000000000000000000000000000000000000000000000000000000000
0000000000000000000000000000000000000000000000000000000000000000000000000000000000000000000000000000000000000000000000000000000000000000000000000000000000000000000000000000000000000000000000000000000000000000000000000000000000000000000000000000000000
0000000000000000000000000000000000000000000000000000000000000000000000000000000000000000000000000000000000000000000000000000000000000000000000000000000000000000000000000000000000000000000000000000000000000000000000000000000000000000000000000000000000
0000000000000000000000000000000000000000000000000000000000000000000000000000000000000000000000000000000000000000000000000000000000000000000000000000000000000000000000000000000000000000000000000000000000000000000000000000000000000000000000000000000000
0000000000000000000000000000000000000000000000000000000000000000000000000000000000000000000000000000000000000000000000000000000000000000000000000000000000000000000000000000000000000000000000000000000000000000000000000000000000000000000000000000000000
0000000000000000000000000000000000000000000000000000000000000000000000000000000000000000000000000000000000000000000000000000000000000000000000000000000000000000000000000000000000000000000000000000000000000000000000000000000000000000000000000000000000
0000000000000000000000000000000000000000000000000000000000000000000000000000000000000000000000000000000000000000000000000000000000000000000000000000000000000000000000000000000000000000000000000000000000000000000000000000000000000000000000000000000000
0000000000000000000000000000000000000000000000000000000000000000000000000000000000000000000000000000000000000000000000000000000000000000000000000000000000000000000000000000000000000000000000000000000000000000000000000000000000000000000000000000000000
0000000000000000000000000000000000000000000000000000000000000000000000000000000000000000000000000000000000000000000000000000000000000000000000000000000000000000000000000000000000000000000000000000000000000000000000000000000000000000000000000000000000
0000000000000000000000000000000000000000000000000000000000000000000000000000000000000000000000000000000000000000000000000000000000000000000000000000000000000000000000000000000000000000000000000000000000000000000000000000000000000000000000000000000000
0000000000000000000000000000000000000000000000000000000000000000000000000000000000000000000000000000000000000000000000000000000000000000000000000000000000000000000000000000000000000000000000000000000000000000000000000000000000000000000000000000000000
0000000000000000000000000000000000000000000000000000000000000000000000000000000000000000000000000000000000000000000000000000000000000000000000000000000000000000000000000000000000000000000000000000000000000000000000000000000000000000000000000000000000
0000000000000000000000000000000000000000000000000000000000000000000000000000000000000000000000000000000000000000000000000000000000000000000000000000000000000000000000000000000000000000000000000000000000000000000000000000000000000000000000000000000000
